[[[ 0.          0.          0.         ...  0.          0.
    0.        ]
  [ 0.          0.          0.         ...  0.          0.
    0.        ]
  [ 0.          0.          0.         ...  0.          0.
    0.        ]
  ...
  [ 0.016755   -0.26396999 -0.020477   ...  0.099043    0.30230999
    0.34869999]
  [-0.18149    -0.37244001  0.23026    ...  0.34678999 -0.11038
   -0.19557001]
  [-0.18874    -0.29210001 -0.74024999 ... -0.35304999 -0.094402
   -0.33094001]]

 [[ 0.          0.          0.         ...  0.          0.
    0.        ]
  [ 0.          0.          0.         ...  0.          0.
    0.        ]
  [ 0.          0.          0.         ...  0.          0.
    0.        ]
  ...
  [-0.14879     0.025673   -0.42443001 ... -0.24658    -0.056048
   -0.39629   ]
  [-0.39331999  0.11997    -0.78371    ...  0.18502     0.22811
    0.34215999]
  [-0.18874    -0.29210001 -0.74024999 ... -0.35304999 -0.094402
   -0.33094001]]

 [[ 0.          0.          0.         ...  0.          0.
    0.        ]
  [ 0.          0.          0.         ...  0.          0.
    0.        ]
  [ 0.          0.          0.         ...  0.          0.
    0.        ]
  ...
  [ 0.15106    -0.050157   -0.11498    ... -0.18719999 -0.10758
    0.24728   ]
  [ 0.15106    -0.050157   -0.11498    ... -0.18719999 -0.10758
    0.24728   ]
  [-0.18149    -0.37244001  0.23026    ...  0.34678999 -0.11038
   -0.19557001]]

 ...

 [[ 0.          0.          0.         ...  0.          0.
    0.        ]
  [ 0.          0.          0.         ...  0.          0.
    0.        ]
  [ 0.          0.          0.         ...  0.          0.
    0.        ]
  ...
  [-0.37814999  0.48903999 -1.6882     ...  0.16135    -0.27429
    0.57094002]
  [-0.97456002  0.062613   -1.7938     ... -0.15786999 -0.34569001
    0.04735   ]
  [-0.017526    0.097137    0.051603   ... -0.55645001 -0.07038
   -0.19306   ]]

 [[ 0.          0.          0.         ...  0.          0.
    0.        ]
  [ 0.          0.          0.         ...  0.          0.
    0.        ]
  [ 0.          0.          0.         ...  0.          0.
    0.        ]
  ...
  [-0.44487     0.26343    -0.99348998 ... -0.48036999 -0.019128
   -0.32646999]
  [ 0.044388    0.083603   -0.93111002 ... -0.071636   -0.69097
    0.64526999]
  [-0.070609    0.024704   -0.86072999 ...  0.11178     0.39405999
    0.52572   ]]

 [[ 0.          0.          0.         ...  0.          0.
    0.        ]
  [ 0.          0.          0.         ...  0.          0.
    0.        ]
  [ 0.          0.          0.         ...  0.          0.
    0.        ]
  ...
  [ 0.          0.          0.         ...  0.          0.
    0.        ]
  [ 0.          0.          0.         ...  0.          0.
    0.        ]
  [ 0.          0.          0.         ...  0.          0.
    0.        ]]]